3 header lines
Calibration-function file
DOY_UTC m_std b_std Rsq_std atm_ppm atm_P Std_vals_1-n
  44.727277    1.0133   13.64   1.00000  427.85  99.77290 0.000000	917.500000
  44.979603    1.0055    7.13   1.00000  427.08  99.61305 0.000000	917.500000
  45.231923    1.0047    6.23   1.00000  425.94  99.96120 0.000000	917.500000
  45.484291    1.0052    5.92   1.00000  436.21 100.60400 0.000000	917.500000
  45.736530    1.0050    5.78   1.00000  432.17 101.36200 0.000000	917.500000
  45.988764    1.0049    5.64   1.00000  425.56 102.09700 0.000000	917.500000
  46.241142    1.0054    5.48   1.00000  433.97 102.62300 0.000000	917.500000
  46.493405    1.0055    5.40   1.00000  431.76 102.76200 0.000000	917.500000
  46.745766    1.0053    5.48   1.00000  434.71 102.61500 0.000000	917.500000
  46.998023    1.0051    5.53   1.00000  422.74 102.07700 0.000000	917.500000
  47.250402    1.0049    5.49   1.00000  431.76 101.57300 0.000000	917.500000
  47.502780    1.0048    5.49   1.00000  441.76 101.29700 0.000000	917.500000
  47.755158    1.0050    5.41   1.00000  434.36 101.33700 0.000000	917.500000
  48.007415    1.0050    5.54   1.00000  428.36 101.13800 0.000000	917.500000
  48.259643    1.0051    5.46   1.00000  439.96 101.06850 0.000000	917.500000
  48.512022    1.0048    5.49   1.00000  449.82 101.15550 0.000000	917.500000
  48.764314    1.0049    5.35   1.00000  434.66 101.46100 0.000000	917.500000
  49.016628    1.0056    5.53   1.00000  432.41 101.75400 0.000000	917.500000
  49.268925    1.0057    5.35   1.00000  452.60 102.01250 0.000000	917.500000
  49.521275    1.0058    5.28   1.00000  443.83 102.17750 0.000000	917.500000
  49.773550    1.0054    5.21   1.00000  433.93 102.17900 0.000000	917.500000
  50.025766    1.0056    5.25   1.00000  428.62 101.93800 0.000000	917.500000
  50.278087    1.0049    5.22   1.00000  421.50 101.25900 0.000000	917.500000
  50.530320    1.0051    5.31   1.00000  422.79 100.82150 0.000000	917.500000
  50.782646    1.0054    5.32   1.00000  426.21 100.81700 0.000000	917.500000
  51.034881    1.0056    5.25   1.00000  426.84 101.56300 0.000000	917.500000
  51.287190    1.0064    5.35   1.00000  443.03 102.28600 0.000000	917.500000
  51.540464       NaN     NaN       NaN     NaN       NaN 0.000000	917.500000
  51.793733       NaN     NaN       NaN     NaN       NaN 0.000000	917.500000
  52.047025       NaN     NaN       NaN     NaN       NaN 0.000000	917.500000
  52.300366       NaN     NaN       NaN     NaN       NaN 0.000000	917.500000
  52.553703       NaN     NaN       NaN     NaN       NaN 0.000000	917.500000
  52.807123       NaN     NaN       NaN     NaN       NaN 0.000000	917.500000
